Y
37.7981336020854
37.7981336020854
37.7981336020854
37.7725273607571
37.7724682400061
37.7226585129212
37.7292705199592
37.7292705199592
37.7292705199592
37.7861779818819
37.7741519656177
37.7841504915887
37.7309627691294
37.7766442432053
37.7914943051906
37.7799444052046
37.7832909416362
37.7316647926496
37.7948418077407
37.774655409686
37.779672005548
37.8010805119223
37.718095032576
37.803687099963
37.7088823085293
37.7721492492797
37.7285280627465
37.7773216006661
37.7768215090139
37.7816441555164
37.7848966681924
37.7940917260344
37.7851499161537
37.7893840503369
37.7849531241612
37.775420706711
37.7911776792224
37.7799444052046
37.7799444052046
37.7292705199592
37.7292705199592
37.7292705199592
37.7292705199592
37.7904750361645
37.7809770123705
37.7148189169113
37.7818621883021
37.775420706711
37.7814292195409
37.7762075768262
37.7390103348973
37.7917625983936
37.8084350175869
37.795432562454
37.786719015554
37.7615829105023
37.7634954373144
37.7634954373144
37.765314854109
37.775420706711
37.7617597243598
37.7838344374141
37.7659871570237
37.7659871570237
37.741576771929
37.7743242867908
37.7743242867908
37.7846576329256
37.7610475742041
37.7214113471419
37.7214113471419
37.750229715538
37.7812550935484
37.7908727425161
37.7877640990096
37.7585641691709
37.7571580431915
37.7764872665748
37.7352610015261
37.7820204255866
37.7814240041364
37.7451988038002
37.785007503993
37.7641020287178
37.7090849156407
37.78764305018
37.7873417834894
37.7119661235105
37.7659245297691
37.7826335031541
37.7164586830811
37.7217977772402
37.750001521023
37.750001521023
37.7547904236197
37.7843212349417
37.7718636177154
37.7916194222304
37.7815876234701
37.7768587665468
37.7743242867908
37.7911165972854
37.775420706711
37.7914446364385
37.7595460924587
37.7545565620279
37.7838344374141
37.7783268978785
37.7771774966934
37.7569318582039
37.7382444962471
37.8006947037442
37.7276340992506
37.7725405391593
37.7824465135592
37.7864094033618
37.8010633370725
37.7771178044484
37.7850943210103
37.7724423373209
37.7843533426568
37.7987282178823
37.7925816649853
37.775420706711
37.7759452824674
37.7944223207031
37.775420706711
37.7736224122729
37.7841847091303
37.7336749150104
37.7686218429147
37.7800304351156
37.7316516314355
37.7576451938845
37.765316135635
37.7569011511725
37.7853699806678
37.8014931881504
37.7285280627465
37.7603201652156
37.7537192224027
37.7868979973476
37.775420706711
37.7867316808533
37.7770902743669
37.7269346350353
37.7799444052046
37.7375333804273
37.7850629421661
37.7850629421661
37.7213180299807
37.7998953971108
37.7865366240211
37.7132375345136
37.8070199998601
37.804909982353
37.7809039696758
37.7116873915892
37.7340319720999
37.7748170645635
37.7269905309861
37.7269905309861
37.7534626136883
37.7835100715421
37.7850736197499
37.7860432222992
37.7874809608499
37.7866690360365
37.7580021664589
37.7835058263734
37.7879507587225
37.7449305955729
37.709691756097
37.7691750639058
37.7890603555993
37.7104779877599
37.7307215215703
37.7391936403273
37.72085578178
37.72085578178
37.7697208630457
37.7857429288295
37.7812187583196
37.7576114624913
37.7831663299791
37.7423752245255
37.787148807979
37.779891233614
37.7197629937223
37.7787958771466
37.7904306866875
37.7864017953366
37.7822226458536
37.7805345385278
37.7857262026184
37.7876024687437
37.7779765037999
37.7920052450737
37.789572762563
37.7732511060231
37.7840888680389
37.7824014072132
37.7807906550067
37.778254811523
37.7748707258015
37.7746823329875
37.7801134973164
37.7605000725995
37.775420706711
37.7110682157068
37.7299104143284
37.7969028838908
37.7945854441059
37.7690748003847
37.7690748003847
37.7848656939526
37.7817511307229
37.80476375718
37.7437557798783
37.7437557798783
37.779514030063
37.7696403896003
37.8000308579216
37.7721958190345
37.775420706711
37.781446350134
37.775420706711
37.7495095913389
37.7477613103514
37.718929910141
37.7285280627465
37.7864094033618
37.7788157426427
37.7967039278443
37.7965510480789
37.8033613356362
37.7817589366405
37.7303819548591
37.7454382658634
37.7386765260287
37.7314400806123
37.7509007485302
37.7843533426568
37.7763827130285
37.7892639310458
37.7900459017168
37.7843478513151
37.7544878225551
37.7856805680542
37.7084629032358
37.7950746068794
37.7617597243598
37.7617597243598
37.7121817273679
37.765377517215
37.7143558674754
37.7828430233213
37.7892300197983
37.7944525389481
37.8064351103515
37.7579459514924
37.7514284856786
37.7617597243598
37.7108945814914
37.7986457830055
37.790538993725
37.775420706711
37.7296096317188
37.7807906550067
37.7792422155631
37.7685926184268
37.7325886315723
37.7621738188702
37.7658426354415
37.7682726763619
37.7650501214668
37.7604595002625
37.7835680535207
37.7852686309087
37.7852686309087
37.7522391652625
37.7754692820041
37.7574787802094
37.8028992086233
37.8082613305439
37.7881314364513
37.7322144934669
37.7805435736467
37.7848656939526
37.775420706711
37.7097257872629
37.725268585136
37.7912255174119
37.786296190453
37.7828548725365
37.7953651840524
37.764357978563
37.7772967916287
37.7313790679762
37.805247004354
37.7827317884887
37.7745145380854
37.7388739744874
37.7712906694516
37.797334326684
37.7907124695865
37.7301274622317
37.7950325941141
37.8047896506888
37.7967768892213
37.7964631364923
37.8054165242789
37.7797376338991
37.7740323542157
37.7792122590085
37.772811562575
37.7823235897616
37.7792122590085
37.7843096998676
37.773130623238
37.7794975702131
37.7864220856559
37.7085327739224
37.7811340568243
37.7967039278443
37.7967039278443
37.7801886709059
37.7309752639658
37.7120747965978
37.7120747965978
37.7814987213218
37.7421445498375
37.7762997888042
37.7715167486479
37.7626702770872
37.7748533257261
37.775420706711
37.7761609195794
37.7719857711361
37.7818457722573
37.7783268978785
37.7706305910776
37.7907638589303
37.7193897122377
37.7347617755903
37.7611753269242
37.7758609689912
37.778124778322
37.7837848211584
37.7931360119171
37.7830295716044
37.7933297561798
37.774866634941
37.775420706711
37.7800446077933
37.7726641818375
37.7175185873081
37.787359494956
37.7814229318029
37.7814229318029
37.7918003261017
37.7286661299345
37.7729135734441
37.7774892652621
37.7905261965099
37.7948059093393
37.775420706711
37.7735045918812
37.7886491245294
37.7833088100846
37.7124705525455
37.8080500969059
37.8019942438049
37.7944525389481
37.8063418891813
37.8045651817046
37.7967277220175
37.8017586868008
37.8070199998601
37.793955092097
37.795617118662
37.7911972507673
37.757545355536
37.7655432430254
37.7561106903233
37.7766442432053
37.7752636415428
37.7727124660172
37.7352164027079
37.7704697548539
37.7808486964235
37.7162462429059
37.750241057883
37.750241057883
37.7284889193174
37.7852071918419
37.80476375718
37.80476375718
37.80476375718
37.7835100715421
37.769312224056
37.7635454765989
37.767225340757
37.7906727649886
37.7219675742406
37.7812163786666
37.7831783316698
37.7831783316698
37.7288276251864
37.7545129537862
37.7132391314398
37.7279799707892
37.7554722841446
37.7261423764642
37.7442180802683
37.7805743130102
37.7630501118925
37.7708917848848
37.7650501214668
37.7274388238677
37.7866181600998
37.7830529510782
37.7317081525738
37.7217527657015
37.7711417554207
37.7833104067015
37.7791157410597
37.7791157410597
37.8153429065568
37.7580021664589
37.7542091772086
37.7770395107539
37.7994245989124
37.7763700981455
37.7706221909544
37.7706221909544
37.7825851968467
37.7226161363136
37.7564927890408
37.7569011511725
37.737101635092
37.787063186215
37.7447254713657
37.7331046399048
37.7117227123477
37.7952630264552
37.773489338522
37.7342866628413
37.7721958190345
37.8019942438049
37.7885667719864
37.7256933575703
37.7256933575703
37.7495676252131
37.7773885566219
37.7286851482651
37.7965510480789
37.7820729312029
37.7816542806076
37.7524273767291
37.7830295716044
37.71139544473
37.7282366285859
37.7954489873781
37.7566119889358
37.7628330926795
37.7628330926795
37.7471728438465
37.775420706711
37.7523735149599
37.7850943210103
37.7905641270131
37.7261728040582
37.7587640201132
37.7656058638705
37.7599667312465
37.7868516471087
37.732993205473
37.769523314641
37.7437268170337
37.7883351248181
37.7850943210103
37.7850943210103
37.7850943210103
37.7892639310458
37.7512616207503
37.7623763079838
37.7208194144752
37.7143149031434
37.7348543299922
37.7348543299922
37.7809595687701
37.7699549503465
37.7829514828801
37.7979253955735
37.7980205895825
37.7890127108804
37.8008126645682
37.775420706711
37.7430505534925
37.7376509435026
37.7376509435026
37.7376509435026
37.7542302702624
37.7542302702624
37.7566305834521
37.7783268978785
37.80821200646
37.7561097891474
37.7561097891474
37.7650501214668
37.7269494355268
37.7608228396674
37.775420706711
37.7867935563984
37.7795845776674
37.7203513038826
37.7200909978268
37.7785349354394
37.7785349354394
37.7725405391593
37.7875949238669
37.7725405391593
37.7784692199467
37.782849155153
37.7822906641847
37.7734880187429
37.7887198688133
37.8014931881504
37.7884695862298
37.726718863669
37.7853750846376
37.726718863669
37.7452689967253
37.7644531018337
37.7394765722027
37.8023845020592
37.7833107539969
37.7800332991006
37.7725405391593
37.7784692199467
37.7858284327692
37.7576508232124
37.773099482048
37.8084350175869
37.7124216201572
37.7124216201572
37.7124216201572
37.7209756888068
37.7985083480435
37.775420706711
37.7856843389472
37.7800332991006
37.7757491793526
37.7828011737968
37.7534536132263
37.7817752404791
37.7841893501425
37.7634292328496
37.7363908050669
37.72453178488
37.7697208630457
37.7820204255866
37.7386381492454
37.7170139649442
37.7841893501425
37.7755050409692
37.8078911906226
37.7214120621391
37.7649225833006
37.7318594482631
37.7564864109309
37.7530267515876
37.7981219270604
37.8068042726193
37.7246284241725
37.7799444052046
37.7639254905474
37.7670051739921
37.7696619195846
37.7381436048928
37.7681694346175
37.7435445275643
37.7516863165838
37.7778241673064
37.7821195595198
37.7987282178823
37.7888544136693
37.777138954914
37.7800745746334
37.7842697641002
37.799006273448
37.7821172596318
37.7808016285055
37.7647543732739
37.7700061988358
37.775420706711
37.804271887891
37.7868088327514
37.775420706711
37.7285280627465
37.7185345219738
37.7823629069329
37.7978641744394
37.7909332313364
37.7118016912962
37.7123508590096
37.7839916768161
37.7911558079508
37.7751600091535
37.7884521578132
37.7871027247566
37.7356506398948
37.7736427846967
37.7804777480508
37.7951616422936
37.8084350175869
37.8078015516515
37.7981171266965
37.7839916768161
37.789918101686
37.7666521474762
37.7767462195389
37.7718165835839
37.7710977920245
37.775420706711
37.7722978607952
37.7749926445385
37.7709130566165
37.7802091894281
37.7603673922081
37.7354484915926
37.7227651550983
37.7653030889137
37.762851481453
37.7543991876816
37.7856629908443
37.78764305018
37.7970397090307
37.7522391652625
37.78764305018
37.7864672409674
37.7778241673064
37.781198014159
37.7709130566165
37.7773996401842
37.775633673443
37.7867787589097
37.7930494293957
37.7782510832412
37.7782815455989
37.7959461531958
37.7715785765043
37.7837848211584
37.778254811523
37.7726948236861
37.7920052450737
37.7835100715421
37.7622671733047
37.7599115783742
37.7754987322379
37.7736978010616
37.775420706711
37.7800332991006
37.787245037815
37.7762420670649
37.7845455355216
37.7650501214668
37.7859507767613
37.7859507767613
37.771784502351
37.7601885649193
37.7929122863777
37.7767462195389
37.7774696662398
37.7219915768943
37.7511723136128
37.7621307247611
37.7800304351156
37.7800304351156
37.7786617943902
37.7786617943902
37.7851670875517
37.7230787059359
37.7963970008301
37.7715785765043
37.7871027247566
37.7815668300024
37.777493677735
37.7773445598968
37.7782321627386
37.7802494745874
37.7777992290419
37.794183791995
37.7849443169969
37.7880504841982
37.7675072901238
37.7854378471968
37.790788621456
37.756832949105
37.790369068882
37.7873934790023
37.78764305018
37.7887345763527
37.7904631779771
37.787359494956
37.789434763004
37.789434763004
37.790880683394
37.7994834789614
37.7830295716044
37.7750592504093
37.7939880225705
37.7437268170337
37.7298013049261
37.7819536537257
37.7811192121542
37.7841889075267
37.7201934104437
37.7828276498838
37.7828276498838
37.7789754234886
37.7894107633457
37.7880925564265
37.764228935718
37.7868800278713
37.7544248344217
37.7310243839772
37.7723641437277
37.7940204426882
37.7940204426882
37.7207231268789
37.7879652569797
37.7294075591753
37.775420706711
37.775420706711
37.7783268978785
37.7522391652625
37.769247063207
37.7751462916539
37.7706305910776
37.7303252726426
37.7865627487584
37.7865627487584
37.7865627487584
37.7849590112628
37.7887594214703
37.7835100715421
37.7769299138691
37.775420706711
37.7878246694374
37.7692664689781
37.7270392302138
37.7270392302138
37.7388214326705
37.7894107633457
37.7894107633457
37.7181854421632
37.7684427416002
37.8068042726193
37.7672442209616
37.768861527492
37.7746622296324
37.776043080453
37.7672442209616
37.7738617771611
37.7817511307229
37.7824756422772
37.7824756422772
37.7824756422772
37.7439242542019
37.7808752665663
37.7641259075201
37.775420706711
37.7818526961918
37.7784692199467
37.7833104067015
37.8044301386668
37.7968030422604
37.8049688863959
37.7925922910686
37.727426135786
37.7749629647565
37.7331757281339
37.7827931071006
37.7642205603745
37.7596658144363
37.7683148008502
37.7846769160314
37.7822305870036
37.7533907167932
37.8065688614525
37.8049688863959
37.806426731679
37.7962104530518
37.7911972507673
37.7785349354394
37.7656058638705
37.734623708357
37.8067579023106
37.8096707013239
37.8096707013239
37.7931716054487
37.7783276318163
37.7916902259131
37.7576508232124
37.775420706711
37.7963478739442
37.730806609582
37.7636150076929
37.7396105936444
37.7975048898339
37.7315644104588
37.8044706948304
37.787502483207
37.7285280627465
37.775420706711
37.7569270204984
37.7654460715825
37.7605159370782
37.7704317242476
37.7895710255863
37.7870966495663
37.8086250595467
37.7907880214451
37.7990658806462
37.7988800262599
37.7877190985177
37.7768617186718
37.7968476371516
37.770349545865
37.7996199689993
37.7780211257583
37.7613161836641
37.7653250853262
37.7360312580916
37.7737509379648
37.7377899061691
37.7755650573942
37.7190355313303
37.7811580519204
37.7855609320034
37.7797012428574
37.7813800880128
37.7827705350074
37.7990658806462
37.7936377697279
37.7984302773598
37.7559739737626
37.7786320490341
37.804271887891
37.804271887891
37.7852071918419
37.7657184395282
37.7953311868128
37.7617789684305
37.7978641744394
37.8056188797632
37.8069630725944
37.775420706711
37.8080500969059
37.794959803128
37.7974543600787
37.7778540141174
37.7778540141174
37.778719262789
37.7398849565957
37.7398849565957
37.7229169948273
37.7762695066166
37.7749906792593
37.775420706711
37.802482274671
37.7856843389472
37.7985525790132
37.7843533426568
37.778772294324
37.7751421104171
37.7677850586334
37.7815746718896
37.7738462272885
37.7749711034094
37.7817551780679
37.7640572304601
37.7628492491536
37.7777469477364
37.7136096133032
37.7844496612791
37.7634139962541
37.775420706711
37.7921733284528
37.7430180938104
37.7381602639931
37.7725405391593
37.774025728225
37.7877164970154
37.7725405391593
37.7807860344249
37.7684751321758
37.7230787059359
37.7230787059359
37.8040296057521
37.7831234195168
37.7543589726409
37.7543589726409
37.775420706711
37.7905641270131
37.789434763004
37.7617471825286
37.7574448998748
37.7595949319925
37.7763046459413
37.8056188797632
37.7634850137846
37.7771309690233
37.7982249345487
37.7819543949998
37.7850629421661
37.7868307302611
37.7825851968467
37.7405222499124
37.7816903586506
37.7842973843312
37.7869524495987
37.7839916768161
37.7363057802295
37.7837899781799
37.7271992902821
37.7806291168287
37.7845681170336
37.781863316866
37.7523112196847
37.7406739267245
37.7349050342849
37.7349050342849
37.7865647607685
37.7800478529923
37.7745145380854
37.7109639146394
37.7370657700508
37.7919651855589
37.7860492230028
37.7858706272526
37.8039621007723
37.7849531241612
37.7889098399421
37.7779765037999
37.775420706711
37.7934395872345
37.7850629421661
37.7554304009231
37.7800745746334
37.7786591541508
37.7835100715421
37.7822551330244
37.7809706722053
37.782295644598
37.7598279172229
37.7810700704886
37.7849356789103
37.775420706711
37.7859680076775
37.7822885930684
37.7517051328882
37.7900391299667
37.8038752032521
37.7863708799476
37.7771214885462
37.7906117204093
37.795060765295
37.7687048635258
37.7782216875564
37.741976120786
37.7472071828762
37.7829514828801
37.7841893501425
37.7841893501425
37.7841893501425
37.7940198826558
37.7551051184234
37.7877182912254
37.7822305870036
37.773907074489
37.7750122063541
37.7847731760596
37.7794406451837
37.7104799961102
37.7681530111159
37.7842860480389
37.7842860480389
37.7785853155801
37.7564864109309
37.778719262789
37.7209571573431
37.7808294311187
37.7800905305924
37.7736724491577
37.779514030063
37.7925676113693
