X
-122.427270640646
-122.427270640646
-122.427270640646
-122.406970988225
-122.389517648036
-122.412469643631
-122.432325871028
-122.432325871028
-122.432325871028
-122.440064505046
-122.460040578709
-122.4345637373
-122.433140034416
-122.439846616567
-122.420874632415
-122.414317857881
-122.432706975892
-122.443177432449
-122.430838378403
-122.425018205965
-122.423545232042
-122.425356743295
-122.432121227721
-122.402005149655
-122.431220164916
-122.438094008376
-122.475647460786
-122.449116002905
-122.493173926137
-122.4306117479
-122.429629258891
-122.422253299565
-122.433084166837
-122.420515681408
-122.427991151911
-122.403404791479
-122.400748631911
-122.414317857881
-122.414317857881
-122.432325871028
-122.432325871028
-122.432325871028
-122.432325871028
-122.39055604599
-122.4169801816
-122.407583029168
-122.413869632554
-122.403404791479
-122.432329732386
-122.420332099593
-122.413625471562
-122.422435540294
-122.410774214375
-122.414985611799
-122.413174494396
-122.422612273394
-122.418486296575
-122.418486296575
-122.421994366464
-122.403404791479
-122.435150099812
-122.412930522059
-122.42666706177
-122.42666706177
-122.487479226936
-122.417104895556
-122.417104895556
-122.414433155063
-122.411093822635
-122.445147338302
-122.445147338302
-122.389007629623
-122.45886061567
-122.425804925314
-122.409925328419
-122.406725329529
-122.406604919508
-122.407614885996
-122.400954433981
-122.413069926397
-122.428129865519
-122.421113318205
-122.418729600557
-122.435318423327
-122.461139183524
-122.403434086745
-122.453593882384
-122.400330750035
-122.466442684206
-122.41487855905
-122.441018108888
-122.453612982064
-122.415534054315
-122.415534054315
-122.387070020077
-122.38904057367
-122.41402726269
-122.392036366343
-122.400617398903
-122.396905531975
-122.417104895556
-122.416773563916
-122.403404791479
-122.421720672696
-122.417016663517
-122.419711251166
-122.412930522059
-122.396533248456
-122.428104235496
-122.40598450618
-122.385215479529
-122.436775838314
-122.403595293514
-122.466204667893
-122.416342977622
-122.408040474858
-122.419429332368
-122.467770747934
-122.407845374111
-122.414647523858
-122.432914603494
-122.43575101831
-122.427007352681
-122.403404791479
-122.471369155977
-122.434123452012
-122.403404791479
-122.463749926391
-122.418562097105
-122.426391018521
-122.402448598316
-122.432116233695
-122.431685672916
-122.400982778186
-122.415308388816
-122.421118473704
-122.446422351802
-122.430493910342
-122.475647460786
-122.486643620293
-122.44140750664
-122.388784430412
-122.403404791479
-122.404587539604
-122.421332684633
-122.477976682169
-122.414317857881
-122.41872435316
-122.406520987144
-122.406520987144
-122.44522173658
-122.41251392471
-122.46630100528
-122.45756787173
-122.418111096758
-122.413540991347
-122.411979487494
-122.452619318946
-122.389471535682
-122.412845031536
-122.474899151688
-122.474899151688
-122.423891274444
-122.405395493939
-122.411141948101
-122.410509258795
-122.437785160413
-122.45094200094
-122.387316279433
-122.430992409047
-122.433648580485
-122.45538899242
-122.456407784485
-122.404026293246
-122.392347671978
-122.460622701872
-122.375605171962
-122.499134239027
-122.431204527214
-122.431204527214
-122.417949217834
-122.409660417788
-122.400154573958
-122.505660828242
-122.46068659124
-122.421970919029
-122.409876622532
-122.421893134467
-122.40065024922
-122.422536478306
-122.425642539921
-122.423217673704
-122.398882384128
-122.408162953857
-122.428992673997
-122.400593259668
-122.409391574893
-122.39164888422
-122.388485562387
-122.417765763327
-122.401560967513
-122.403890955445
-122.399617558782
-122.405834032593
-122.446285631005
-122.419666717917
-122.40989282029
-122.414845139206
-122.403404791479
-122.430887795417
-122.397179164646
-122.406831986427
-122.421563612755
-122.413354187018
-122.413354187018
-122.412784096502
-122.411071423064
-122.405178220847
-122.464251803826
-122.464251803826
-122.413564091744
-122.453563238036
-122.412475493262
-122.404385042303
-122.403404791479
-122.417146843836
-122.403404791479
-122.4772862481
-122.403564371001
-122.404053615003
-122.475647460786
-122.408040474858
-122.409325210496
-122.408433097286
-122.405283980519
-122.42412350881
-122.415120589338
-122.429801668764
-122.410417328496
-122.428104898553
-122.450026603043
-122.488137263811
-122.432914603494
-122.394102624525
-122.401378067544
-122.41720963943
-122.409313111431
-122.420817675346
-122.45918156141
-122.447270137845
-122.401605428586
-122.435150099812
-122.435150099812
-122.402459634951
-122.386775025935
-122.448197105075
-122.413237516676
-122.405390147407
-122.404799424951
-122.42219944483
-122.416863555609
-122.418296094437
-122.435150099812
-122.420556751442
-122.407110077805
-122.403915681571
-122.403404791479
-122.380715788947
-122.399617558782
-122.442053306123
-122.450522761749
-122.478351023962
-122.466180771685
-122.406553700757
-122.419983447697
-122.419671780296
-122.411346390261
-122.419274801449
-122.403070000847
-122.403070000847
-122.418448186101
-122.415757039196
-122.473557158061
-122.404801488022
-122.414988252591
-122.40923414477
-122.4279300515
-122.435590528188
-122.412784096502
-122.403404791479
-122.458369929336
-122.414936523079
-122.404195424821
-122.408496298209
-122.453474258564
-122.425883179049
-122.501899746848
-122.423922154334
-122.386204568859
-122.405198753901
-122.406481972743
-122.452839772389
-122.50648456409
-122.408534526845
-122.418675207551
-122.400719785797
-122.491242780922
-122.399739729147
-122.420180001306
-122.400684265178
-122.406810062197
-122.415245418291
-122.407163046954
-122.395579199971
-122.410939205552
-122.412826648024
-122.403793259489
-122.410939205552
-122.395163154488
-122.410919016011
-122.393460953167
-122.409797430148
-122.420451998844
-122.409011206639
-122.408433097286
-122.408433097286
-122.485290737594
-122.406088073563
-122.445418223794
-122.445418223794
-122.404934413339
-122.474626844434
-122.390027243495
-122.443038939327
-122.435187699349
-122.394438381217
-122.403404791479
-122.405479270758
-122.419105740752
-122.392082305321
-122.396533248456
-122.41248326348
-122.390094248247
-122.442165086235
-122.414313371107
-122.467255231478
-122.405955118452
-122.391845617192
-122.398932711095
-122.436383222746
-122.431046366089
-122.433112344058
-122.423371067788
-122.403404791479
-122.416791245836
-122.418338317697
-122.480606348865
-122.408231026261
-122.413706517535
-122.413706517535
-122.432741536401
-122.410057563248
-122.415232222181
-122.433220475299
-122.421534860062
-122.438403353467
-122.403404791479
-122.42653377329
-122.406021838484
-122.439480772242
-122.432061222078
-122.409877282931
-122.419616109671
-122.404799424951
-122.415435473094
-122.421818673368
-122.408678825105
-122.42126135848
-122.418111096758
-122.408722449838
-122.409900589034
-122.40768078831
-122.473000338901
-122.475117888283
-122.443294006418
-122.439846616567
-122.439494869188
-122.440737118652
-122.441549083504
-122.443311949602
-122.40421085252
-122.442627054319
-122.446432100907
-122.446432100907
-122.410520362843
-122.406690592261
-122.405178220847
-122.405178220847
-122.405178220847
-122.405395493939
-122.416698951088
-122.478742819999
-122.406206824254
-122.41226909106
-122.431371314076
-122.457016163474
-122.479512883892
-122.479512883892
-122.380348349699
-122.402561060246
-122.472972400524
-122.404771962757
-122.387547692544
-122.385305830048
-122.404304136216
-122.473984424285
-122.388742066283
-122.489804747862
-122.419671780296
-122.4327618362
-122.421572274151
-122.411593095704
-122.393379855662
-122.449293553642
-122.44553734204
-122.388379873919
-122.431790993089
-122.431790993089
-122.371308172548
-122.387316279433
-122.497896290625
-122.422180938873
-122.439337465056
-122.419507546169
-122.406179415424
-122.406179415424
-122.415694922134
-122.434764286692
-122.406789115471
-122.421118473704
-122.504223156735
-122.417634160005
-122.420526309078
-122.436010719867
-122.405248218324
-122.423492487188
-122.464812286077
-122.405495088281
-122.404385042303
-122.419616109671
-122.410083096191
-122.452289660492
-122.452289660492
-122.47596480997
-122.408550681867
-122.426173820868
-122.405283980519
-122.412224164736
-122.415508242782
-122.394588601096
-122.431046366089
-122.455783853872
-122.406602910572
-122.400414883991
-122.443461885566
-122.419385927086
-122.419385927086
-122.422385609204
-122.403404791479
-122.416268632715
-122.407845374111
-122.40557541431
-122.404100833691
-122.416872883664
-122.410488829308
-122.423643957485
-122.421441956086
-122.431955738461
-122.446905860023
-122.48118317163
-122.416032976503
-122.407845374111
-122.407845374111
-122.407845374111
-122.401378067544
-122.402178879307
-122.437905731311
-122.428967556252
-122.413894000049
-122.379348616728
-122.379348616728
-122.417116835072
-122.447783070559
-122.413259498719
-122.428916492947
-122.435679786498
-122.433440229295
-122.436275324778
-122.403404791479
-122.475644251197
-122.397504958026
-122.397504958026
-122.397504958026
-122.412050704562
-122.412050704562
-122.395106891925
-122.396533248456
-122.41580571059
-122.407604807913
-122.407604807913
-122.419671780296
-122.476039359733
-122.436115302042
-122.403404791479
-122.418293311982
-122.416769999704
-122.391872492835
-122.429597374301
-122.41742986085
-122.41742986085
-122.466204667893
-122.44460446581
-122.466204667893
-122.513642064265
-122.466565488599
-122.49248913097
-122.484189715414
-122.402070243227
-122.430493910342
-122.420190324599
-122.435991188442
-122.416261836834
-122.435991188442
-122.417607034171
-122.422745150389
-122.422865684118
-122.40071180486
-122.41753069698
-122.464279879446
-122.466204667893
-122.513642064265
-122.401494315269
-122.393123359873
-122.415564465695
-122.410774214375
-122.462511777864
-122.462511777864
-122.462511777864
-122.391307417333
-122.409791662293
-122.403404791479
-122.421395819115
-122.464279879446
-122.452963648122
-122.467630230392
-122.387954276497
-122.440943612248
-122.407633520742
-122.419515708406
-122.39014671644
-122.459610061187
-122.417949217834
-122.413069926397
-122.413268742399
-122.468861133129
-122.407633520742
-122.441301511051
-122.410690675854
-122.437393972517
-122.401130668017
-122.38716770759
-122.406539115148
-122.41844919178
-122.405087523335
-122.411324519026
-122.470136768598
-122.414317857881
-122.447308234851
-122.44801386239
-122.449647662955
-122.380141521656
-122.435637436721
-122.485330523287
-122.434194436175
-122.407999186749
-122.48273697562
-122.43575101831
-122.448836247134
-122.51242606235
-122.420250482603
-122.419480276468
-122.424249150245
-122.419842456494
-122.437262577518
-122.454377162762
-122.446933310975
-122.403404791479
-122.44827840533
-122.435107179729
-122.403404791479
-122.475647460786
-122.433040844627
-122.42831052169
-122.406669739951
-122.418239272625
-122.437974573711
-122.418283197104
-122.408068345148
-122.445324238926
-122.432805878401
-122.420326993863
-122.388007401911
-122.448307079193
-122.421170831554
-122.412515341356
-122.399154429147
-122.410774214375
-122.419087676747
-122.408646942187
-122.408068345148
-122.406977563692
-122.429788986988
-122.407844136792
-122.401658145147
-122.415604299325
-122.403404791479
-122.407842441956
-122.413163134276
-122.410541166987
-122.419448185224
-122.485570690083
-122.498870111393
-122.435206927167
-122.404489962494
-122.39172714593
-122.409256144133
-122.459765251792
-122.403434086745
-122.427907667233
-122.418448186101
-122.403434086745
-122.415654629547
-122.407999186749
-122.394251231901
-122.410541166987
-122.407016490971
-122.412447373124
-122.398261647342
-122.422874083058
-122.419884939457
-122.423329924361
-122.421772135304
-122.411279189969
-122.398932711095
-122.405834032593
-122.422188261426
-122.39164888422
-122.405395493939
-122.464041427693
-122.445073624735
-122.449289810347
-122.401610571883
-122.403404791479
-122.464279879446
-122.416642370005
-122.505882721373
-122.422840794653
-122.419671780296
-122.40801449292
-122.40801449292
-122.501328197805
-122.419978651361
-122.393682610434
-122.407844136792
-122.397713226445
-122.436749760121
-122.435209391759
-122.421550176461
-122.432116233695
-122.432116233695
-122.406969944087
-122.406969944087
-122.417903977564
-122.452330120871
-122.411316466798
-122.411279189969
-122.388007401911
-122.40805253847
-122.416293820935
-122.457750420546
-122.393540688388
-122.394402506696
-122.400302421513
-122.424716375946
-122.434733246333
-122.432420306426
-122.429018189436
-122.417885441042
-122.433155243894
-122.502447767398
-122.422330464198
-122.426835882798
-122.403434086745
-122.406886503606
-122.405941469147
-122.408231026261
-122.406958660602
-122.406958660602
-122.410626812815
-122.424172728253
-122.431046366089
-122.43021538564
-122.401747873693
-122.48118317163
-122.39680526736
-122.410041631816
-122.412596970637
-122.410135236377
-122.385954407763
-122.409708423721
-122.409708423721
-122.440375167502
-122.422139511488
-122.395481217023
-122.419520367886
-122.40273950835
-122.407890478368
-122.402028913597
-122.427985093462
-122.402936610374
-122.402936610374
-122.44660721495
-122.418467747931
-122.404407189561
-122.403404791479
-122.403404791479
-122.396533248456
-122.418448186101
-122.426955631709
-122.419257894814
-122.41248326348
-122.43968555212
-122.42241910073
-122.42241910073
-122.42241910073
-122.419549568783
-122.408568445228
-122.405395493939
-122.410808935375
-122.403404791479
-122.397032436528
-122.423417640611
-122.403277115529
-122.403277115529
-122.48560378101
-122.422139511488
-122.422139511488
-122.400269288595
-122.422297658234
-122.411324519026
-122.510225749052
-122.498390355107
-122.480590701699
-122.469223570325
-122.510225749052
-122.413045971966
-122.411071423064
-122.424109315499
-122.424109315499
-122.424109315499
-122.395970616699
-122.41452262258
-122.402571216964
-122.403404791479
-122.452144682873
-122.513642064265
-122.388379873919
-122.41174401792
-122.415196324015
-122.403532080065
-122.419404206594
-122.382690587869
-122.492903087989
-122.486406105517
-122.414056291891
-122.41965834371
-122.501502160824
-122.427682264817
-122.432117638358
-122.41029351969
-122.472130727218
-122.406429633461
-122.403532080065
-122.407149304657
-122.405145685472
-122.40768078831
-122.41742986085
-122.410488829308
-122.475102006298
-122.412143310586
-122.365565425353
-122.365565425353
-122.444044468294
-122.426642472038
-122.404223195649
-122.393123359873
-122.403404791479
-122.396962385547
-122.375512968635
-122.389722246974
-122.385835676499
-122.402042584193
-122.406260109148
-122.41557882881
-122.41417943719
-122.475647460786
-122.403404791479
-122.500305164582
-122.477309120603
-122.503782289728
-122.510925873275
-122.402163713618
-122.41072162587
-122.412527239682
-122.41903911933
-122.397391852808
-122.398699116407
-122.405841476462
-122.419456894393
-122.422807797991
-122.429224670397
-122.436863337604
-122.421522884872
-122.464044777804
-122.414222704763
-122.385908270665
-122.417975390351
-122.417260596576
-122.459589572197
-122.403380960256
-122.461062711176
-122.429792899837
-122.471636603292
-122.456295846469
-122.467102254248
-122.397391852808
-122.411658800444
-122.402232454222
-122.399637532645
-122.410111373792
-122.44827840533
-122.44827840533
-122.406690592261
-122.409529913278
-122.394670134268
-122.421200855641
-122.406669739951
-122.413609602048
-122.410500605559
-122.403404791479
-122.409877282931
-122.400922761049
-122.414805946039
-122.441705386451
-122.441705386451
-122.414743835382
-122.42358068715
-122.42358068715
-122.444013554784
-122.41725760507
-122.410065781604
-122.403404791479
-122.407691745169
-122.421395819115
-122.423985900144
-122.432914603494
-122.442029631114
-122.447904554135
-122.45319019834
-122.494521109472
-122.43927866767
-122.453005481592
-122.400920371299
-122.423383463343
-122.439480427224
-122.43502821575
-122.466121701546
-122.416075285051
-122.439088669509
-122.403404791479
-122.422695629365
-122.497250084063
-122.500606291729
-122.466204667893
-122.472433685031
-122.458223484089
-122.466204667893
-122.490231635618
-122.438678934886
-122.452330120871
-122.452330120871
-122.403352206927
-122.48072545461
-122.450740092944
-122.450740092944
-122.403404791479
-122.40557541431
-122.406958660602
-122.475923505427
-122.466995295289
-122.482222292856
-122.407292919902
-122.413609602048
-122.434229003953
-122.415740127984
-122.404282497745
-122.408437135288
-122.406520987144
-122.411933899915
-122.415694922134
-122.490561948744
-122.429828871559
-122.410157073911
-122.398572324987
-122.408068345148
-122.427848381707
-122.419387180576
-122.37235173417
-122.472843756623
-122.431206932079
-122.414302052544
-122.396516098253
-122.465490774809
-122.386304220968
-122.386304220968
-122.407244087032
-122.431979576386
-122.452839772389
-122.468105304613
-122.394565756376
-122.424341362401
-122.418940110957
-122.431309540727
-122.44019686845
-122.427991151911
-122.418658294829
-122.409391574893
-122.403404791479
-122.395885942961
-122.406520987144
-122.471458320583
-122.420250482603
-122.416583456133
-122.405395493939
-122.392998702818
-122.408710606663
-122.405934320038
-122.425920487436
-122.463213126593
-122.462964132903
-122.403404791479
-122.407877787733
-122.440135432203
-122.427439726983
-122.402194030894
-122.404172784948
-122.392454483167
-122.413681109495
-122.393413306041
-122.393983685228
-122.401966042337
-122.409596324334
-122.498732152894
-122.414185831945
-122.413259498719
-122.407633520742
-122.407633520742
-122.407633520742
-122.404715633554
-122.424289602669
-122.395011317246
-122.41029351969
-122.416578493475
-122.399063980262
-122.388190455114
-122.395023267857
-122.454882964282
-122.454330105396
-122.416893710739
-122.416893710739
-122.408520791815
-122.406539115148
-122.414743835382
-122.456068415745
-122.391774814422
-122.394304475194
-122.402517136292
-122.413564091744
-122.392447899852
